field_r		Z01		Z02		Z03		Z04		Z06		Z05		Z08		Z07		Z11		Z10		Z09
0.000000	0.278369	-0.001560	0.000000	0.081732	0.000012	0.000000	-0.000782	0.000000	-0.143320	-0.000010	-0.000000
0.005000	0.280751	-0.001560	-0.007199	0.084117	-0.000449	0.000010	-0.000782	-0.001096	-0.143317	-0.000010	-0.000000
0.010000	0.287898	-0.001560	-0.014413	0.091273	-0.001833	0.000021	-0.000781	-0.002201	-0.143306	-0.000010	-0.000003
0.015000	0.299806	-0.001560	-0.021660	0.103196	-0.004137	0.000031	-0.000781	-0.003320	-0.143289	-0.000010	-0.000010
0.020000	0.316470	-0.001560	-0.028956	0.119882	-0.007355	0.000041	-0.000781	-0.004463	-0.143264	-0.000011	-0.000025
0.025000	0.337885	-0.001560	-0.036316	0.141324	-0.011483	0.000052	-0.000781	-0.005636	-0.143232	-0.000011	-0.000049
0.030000	0.364041	-0.001560	-0.043757	0.167513	-0.016511	0.000062	-0.000781	-0.006847	-0.143193	-0.000011	-0.000085
0.035000	0.394928	-0.001560	-0.051295	0.198441	-0.022431	0.000072	-0.000781	-0.008105	-0.143146	-0.000011	-0.000135
0.040000	0.430535	-0.001560	-0.058946	0.234094	-0.029230	0.000083	-0.000781	-0.009416	-0.143092	-0.000011	-0.000202
0.045000	0.470847	-0.001560	-0.066725	0.274459	-0.036895	0.000093	-0.000781	-0.010787	-0.143030	-0.000011	-0.000288
0.050000	0.515847	-0.001559	-0.074649	0.319521	-0.045411	0.000103	-0.000781	-0.012228	-0.142960	-0.000011	-0.000396
0.055000	0.565519	-0.001559	-0.082734	0.369260	-0.054761	0.000114	-0.000781	-0.013745	-0.142882	-0.000011	-0.000529
0.060000	0.619843	-0.001559	-0.090995	0.423659	-0.064927	0.000124	-0.000781	-0.015344	-0.142795	-0.000011	-0.000688
0.065000	0.678796	-0.001559	-0.099448	0.482696	-0.075887	0.000134	-0.000781	-0.017035	-0.142699	-0.000011	-0.000878
0.070000	0.742357	-0.001558	-0.108108	0.546347	-0.087620	0.000145	-0.000780	-0.018824	-0.142594	-0.000011	-0.001100
0.075000	0.810498	-0.001558	-0.116992	0.614587	-0.100102	0.000155	-0.000780	-0.020718	-0.142480	-0.000011	-0.001357
0.080000	0.883193	-0.001558	-0.126113	0.687391	-0.113306	0.000166	-0.000780	-0.022725	-0.142356	-0.000011	-0.001653
0.085000	0.960413	-0.001557	-0.135488	0.764728	-0.127206	0.000176	-0.000780	-0.024851	-0.142221	-0.000012	-0.001990
0.090000	1.042127	-0.001557	-0.145131	0.846569	-0.141772	0.000186	-0.000780	-0.027103	-0.142076	-0.000012	-0.002372
0.095000	1.128302	-0.001556	-0.155057	0.932880	-0.156972	0.000197	-0.000779	-0.029489	-0.141919	-0.000012	-0.002801
0.100000	1.218902	-0.001556	-0.165281	1.023628	-0.172775	0.000207	-0.000779	-0.032015	-0.141751	-0.000012	-0.003281
0.105000	1.313892	-0.001556	-0.175818	1.118777	-0.189145	0.000218	-0.000779	-0.034688	-0.141570	-0.000012	-0.003816
0.110000	1.413232	-0.001555	-0.186681	1.218287	-0.206046	0.000228	-0.000779	-0.037514	-0.141376	-0.000012	-0.004408
0.115000	1.516883	-0.001555	-0.197886	1.322120	-0.223440	0.000239	-0.000779	-0.040500	-0.141169	-0.000013	-0.005062
0.120000	1.624801	-0.001554	-0.209445	1.430233	-0.241288	0.000249	-0.000778	-0.043652	-0.140947	-0.000013	-0.005781
0.125000	1.736942	-0.001553	-0.221372	1.542583	-0.259547	0.000260	-0.000778	-0.046977	-0.140711	-0.000013	-0.006570
0.130000	1.853259	-0.001553	-0.233682	1.659124	-0.278174	0.000270	-0.000778	-0.050480	-0.140458	-0.000013	-0.007432
0.135000	1.973706	-0.001552	-0.246386	1.779808	-0.297125	0.000281	-0.000777	-0.054167	-0.140190	-0.000013	-0.008371
0.140000	2.098231	-0.001552	-0.259498	1.904587	-0.316353	0.000291	-0.000777	-0.058044	-0.139904	-0.000014	-0.009393
0.145000	2.226782	-0.001551	-0.273031	2.033408	-0.335809	0.000302	-0.000777	-0.062116	-0.139599	-0.000014	-0.010501
0.150000	2.359305	-0.001550	-0.286996	2.166219	-0.355443	0.000312	-0.000776	-0.066389	-0.139276	-0.000014	-0.011700
0.155000	2.495744	-0.001550	-0.301406	2.302965	-0.375204	0.000323	-0.000776	-0.070868	-0.138932	-0.000014	-0.012996
0.160000	2.636042	-0.001549	-0.316272	2.443589	-0.395037	0.000333	-0.000776	-0.075558	-0.138567	-0.000014	-0.014393
0.165000	2.780139	-0.001548	-0.331605	2.588032	-0.414888	0.000344	-0.000775	-0.080463	-0.138180	-0.000015	-0.015896
0.170000	2.927972	-0.001547	-0.347416	2.736233	-0.434700	0.000355	-0.000775	-0.085588	-0.137770	-0.000015	-0.017512
0.175000	3.079478	-0.001547	-0.363715	2.888129	-0.454415	0.000365	-0.000775	-0.090937	-0.137334	-0.000015	-0.019247
0.180000	3.234591	-0.001546	-0.380513	3.043657	-0.473971	0.000376	-0.000774	-0.096514	-0.136873	-0.000016	-0.021105
0.185000	3.393244	-0.001545	-0.397819	3.202749	-0.493309	0.000387	-0.000774	-0.102322	-0.136384	-0.000016	-0.023095
0.190000	3.555366	-0.001544	-0.415640	3.365338	-0.512363	0.000397	-0.000773	-0.108366	-0.135867	-0.000016	-0.025221
0.195000	3.720886	-0.001543	-0.433987	3.531352	-0.531069	0.000408	-0.000773	-0.114647	-0.135320	-0.000016	-0.027492
0.200000	3.889731	-0.001542	-0.452867	3.700721	-0.549362	0.000419	-0.000772	-0.121170	-0.134740	-0.000017	-0.029914
0.205000	4.061825	-0.001542	-0.472286	3.873370	-0.567171	0.000429	-0.000772	-0.127935	-0.134128	-0.000017	-0.032495
0.210000	4.237091	-0.001541	-0.492252	4.049223	-0.584429	0.000440	-0.000772	-0.134946	-0.133480	-0.000017	-0.035243
0.215000	4.415448	-0.001540	-0.512771	4.228202	-0.601063	0.000451	-0.000771	-0.142203	-0.132795	-0.000018	-0.038165
0.220000	4.596816	-0.001539	-0.533847	4.410227	-0.617001	0.000462	-0.000771	-0.149709	-0.132071	-0.000018	-0.041271
0.225000	4.781110	-0.001538	-0.555486	4.595218	-0.632169	0.000473	-0.000770	-0.157463	-0.131307	-0.000018	-0.044570
0.230000	4.968246	-0.001537	-0.577691	4.783089	-0.646492	0.000483	-0.000770	-0.165466	-0.130499	-0.000019	-0.048070
0.235000	5.158136	-0.001536	-0.600464	4.973757	-0.659891	0.000494	-0.000769	-0.173719	-0.129646	-0.000019	-0.051782
0.240000	5.350690	-0.001534	-0.623809	5.167133	-0.672289	0.000505	-0.000768	-0.182219	-0.128746	-0.000020	-0.055715
0.245000	5.545817	-0.001533	-0.647726	5.363129	-0.683605	0.000516	-0.000768	-0.190967	-0.127797	-0.000020	-0.059881
0.250000	5.743423	-0.001532	-0.672216	5.561653	-0.693759	0.000527	-0.000767	-0.199961	-0.126794	-0.000020	-0.064289
0.255000	5.943414	-0.001531	-0.697278	5.762613	-0.702668	0.000538	-0.000767	-0.209197	-0.125737	-0.000021	-0.068953
0.260000	6.145691	-0.001530	-0.722909	5.965914	-0.710248	0.000549	-0.000766	-0.218674	-0.124622	-0.000021	-0.073884
0.265000	6.350155	-0.001529	-0.749108	6.171458	-0.716414	0.000560	-0.000766	-0.228388	-0.123447	-0.000022	-0.079095
0.270000	6.556705	-0.001527	-0.775870	6.379148	-0.721079	0.000571	-0.000765	-0.238335	-0.122207	-0.000022	-0.084599
0.275000	6.765237	-0.001526	-0.803190	6.588883	-0.724157	0.000582	-0.000764	-0.248509	-0.120901	-0.000022	-0.090409
0.280000	6.975647	-0.001525	-0.831062	6.800560	-0.725558	0.000593	-0.000764	-0.258906	-0.119525	-0.000023	-0.096541
0.285000	7.187826	-0.001524	-0.859477	7.014077	-0.725193	0.000605	-0.000763	-0.269518	-0.118074	-0.000023	-0.103008
0.290000	7.401666	-0.001522	-0.888426	7.229327	-0.722971	0.000616	-0.000762	-0.280339	-0.116547	-0.000024	-0.109828
0.295000	7.617054	-0.001521	-0.917898	7.446202	-0.718801	0.000627	-0.000762	-0.291360	-0.114938	-0.000024	-0.117017
0.300000	7.833879	-0.001520	-0.947881	7.664593	-0.712589	0.000638	-0.000761	-0.302572	-0.113244	-0.000025	-0.124591
0.305000	8.052024	-0.001518	-0.978362	7.884388	-0.704243	0.000649	-0.000760	-0.313966	-0.111461	-0.000025	-0.132569
0.310000	8.271373	-0.001517	-1.009324	8.105476	-0.693667	0.000661	-0.000760	-0.325531	-0.109583	-0.000026	-0.140969
0.315000	8.491806	-0.001515	-1.040749	8.327741	-0.680767	0.000672	-0.000759	-0.337253	-0.107607	-0.000026	-0.149812
0.320000	8.713202	-0.001514	-1.072619	8.551066	-0.665448	0.000683	-0.000758	-0.349122	-0.105528	-0.000027	-0.159117
0.325000	8.935440	-0.001512	-1.104912	8.775334	-0.647612	0.000695	-0.000757	-0.361121	-0.103341	-0.000027	-0.168906
0.330000	9.158393	-0.001511	-1.137604	9.000425	-0.627164	0.000706	-0.000757	-0.373235	-0.101039	-0.000028	-0.179202
0.335000	9.381936	-0.001509	-1.170670	9.226218	-0.604005	0.000717	-0.000756	-0.385449	-0.098619	-0.000028	-0.190028
0.340000	9.605939	-0.001508	-1.204081	9.452589	-0.578038	0.000729	-0.000755	-0.397743	-0.096074	-0.000029	-0.201409
0.345000	9.830273	-0.001506	-1.237807	9.679414	-0.549165	0.000740	-0.000754	-0.410098	-0.093397	-0.000029	-0.213370
0.350000	10.054805	-0.001504	-1.271815	9.906567	-0.517288	0.000752	-0.000753	-0.422493	-0.090583	-0.000030	-0.225939
0.355000	10.279401	-0.001503	-1.306069	10.133920	-0.482310	0.000764	-0.000752	-0.434906	-0.087624	-0.000031	-0.239142
0.360000	10.503927	-0.001501	-1.340530	10.361344	-0.444132	0.000775	-0.000752	-0.447313	-0.084515	-0.000031	-0.253010
0.365000	10.728243	-0.001499	-1.375156	10.588709	-0.402655	0.000787	-0.000751	-0.459686	-0.081246	-0.000032	-0.267572
0.370000	10.952212	-0.001498	-1.409904	10.815883	-0.357784	0.000798	-0.000750	-0.471999	-0.077812	-0.000032	-0.282862
0.375000	11.175691	-0.001496	-1.444725	11.042733	-0.309420	0.000810	-0.000749	-0.484223	-0.074203	-0.000033	-0.298913
0.380000	11.398540	-0.001494	-1.479567	11.269123	-0.257467	0.000822	-0.000748	-0.496324	-0.070412	-0.000034	-0.315760
0.385000	11.620614	-0.001492	-1.514375	11.494919	-0.201829	0.000834	-0.000747	-0.508270	-0.066429	-0.000034	-0.333439
0.390000	11.841766	-0.001490	-1.549091	11.719984	-0.142411	0.000845	-0.000746	-0.520025	-0.062245	-0.000035	-0.351989
0.395000	12.061851	-0.001488	-1.583651	11.944179	-0.079120	0.000857	-0.000745	-0.531550	-0.057851	-0.000036	-0.371449
0.400000	12.280720	-0.001487	-1.617988	12.167366	-0.011862	0.000869	-0.000744	-0.542805	-0.053236	-0.000036	-0.391863
0.405000	12.498222	-0.001485	-1.652031	12.389405	0.059453	0.000881	-0.000743	-0.553747	-0.048389	-0.000037	-0.413274
0.410000	12.714206	-0.001483	-1.685704	12.610155	0.134916	0.000893	-0.000742	-0.564328	-0.043300	-0.000038	-0.435728
0.415000	12.928521	-0.001481	-1.718926	12.829474	0.214613	0.000905	-0.000741	-0.574502	-0.037957	-0.000038	-0.459273
0.420000	13.141011	-0.001479	-1.751610	13.047220	0.298632	0.000917	-0.000740	-0.584215	-0.032347	-0.000039	-0.483960
0.425000	13.351522	-0.001477	-1.783664	13.263251	0.387056	0.000929	-0.000739	-0.593414	-0.026458	-0.000040	-0.509841
0.430000	13.559898	-0.001475	-1.814993	13.477423	0.479966	0.000941	-0.000738	-0.602039	-0.020275	-0.000040	-0.536971
0.435000	13.765981	-0.001472	-1.845492	13.689593	0.577439	0.000953	-0.000737	-0.610030	-0.013786	-0.000041	-0.565409
0.440000	13.969615	-0.001470	-1.875051	13.899615	0.679552	0.000966	-0.000736	-0.617320	-0.006974	-0.000042	-0.595215
0.445000	14.170640	-0.001468	-1.903556	14.107348	0.786377	0.000978	-0.000735	-0.623841	0.000175	-0.000043	-0.626453
0.450000	14.368897	-0.001466	-1.930883	14.312645	0.897981	0.000990	-0.000734	-0.629519	0.007679	-0.000043	-0.659188
0.455000	14.564226	-0.001464	-1.956902	14.515365	1.014429	0.001002	-0.000733	-0.634278	0.015554	-0.000044	-0.693491
0.460000	14.756466	-0.001462	-1.981475	14.715362	1.135781	0.001015	-0.000732	-0.638035	0.023819	-0.000045	-0.729435
0.465000	14.945457	-0.001459	-2.004457	14.912494	1.262093	0.001027	-0.000731	-0.640703	0.032492	-0.000046	-0.767096
0.470000	15.131037	-0.001457	-2.025692	15.106619	1.393414	0.001039	-0.000730	-0.642191	0.041593	-0.000047	-0.806554
0.475000	15.313045	-0.001455	-2.045018	15.297595	1.529789	0.001052	-0.000728	-0.642402	0.051144	-0.000047	-0.847894
0.480000	15.491320	-0.001452	-2.062262	15.485282	1.671257	0.001064	-0.000727	-0.641234	0.061166	-0.000048	-0.891204
0.485000	15.665702	-0.001450	-2.077241	15.669540	1.817851	0.001077	-0.000726	-0.638578	0.071684	-0.000049	-0.936576
0.490000	15.836029	-0.001448	-2.089763	15.850232	1.969596	0.001089	-0.000725	-0.634320	0.082720	-0.000050	-0.984108
0.495000	16.002143	-0.001445	-2.099624	16.027221	2.126509	0.001102	-0.000724	-0.628340	0.094301	-0.000051	-1.033900
0.500000	16.163884	-0.001443	-2.106608	16.200375	2.288602	0.001115	-0.000722	-0.620509	0.106454	-0.000052	-1.086061
