field_r         Z01	        Z02	        Z03	       Z04	       Z05	      Z06	        Z07	        Z08     	Z09	       Z10	        Z11
        0.000000        0.269520       -0.000759       -0.000000        0.037629        0.000000       -0.000083        0.000000       -0.000269        0.000000       -0.000004       -0.067552
        0.005000        0.268948       -0.000759       -0.004183        0.037299        0.000004       -0.000273       -0.000593       -0.000269       -0.000000       -0.000004       -0.067551
        0.010000        0.267237       -0.000759       -0.008375        0.036313        0.000008       -0.000843       -0.001190       -0.000269       -0.000001       -0.000004       -0.067549
        0.015000        0.264399       -0.000759       -0.012585        0.034678        0.000012       -0.001792       -0.001791       -0.000269       -0.000004       -0.000004       -0.067546
        0.020000        0.260451       -0.000759       -0.016820        0.032403        0.000016       -0.003119       -0.002402       -0.000269       -0.000009       -0.000004       -0.067541
        0.025000        0.255419       -0.000759       -0.021089        0.029504        0.000021       -0.004821       -0.003024       -0.000269       -0.000017       -0.000004       -0.067535
        0.030000        0.249337       -0.000759       -0.025401        0.025999        0.000025       -0.006897       -0.003661       -0.000269       -0.000030       -0.000004       -0.067527
        0.035000        0.242244       -0.000759       -0.029765        0.021913        0.000029       -0.009343       -0.004315       -0.000269       -0.000048       -0.000004       -0.067517
        0.040000        0.234185       -0.000759       -0.034188        0.017271        0.000033       -0.012156       -0.004989       -0.000269       -0.000072       -0.000004       -0.067506
        0.045000        0.225213       -0.000759       -0.038680        0.012103        0.000037       -0.015333       -0.005686       -0.000269       -0.000103       -0.000004       -0.067493
        0.050000        0.215385       -0.000759       -0.043248        0.006443        0.000041       -0.018867       -0.006409       -0.000269       -0.000141       -0.000004       -0.067478
        0.055000        0.204763       -0.000759       -0.047901        0.000326        0.000045       -0.022755       -0.007160       -0.000269       -0.000188       -0.000004       -0.067461
        0.060000        0.193412       -0.000759       -0.052647       -0.006208        0.000049       -0.026991       -0.007943       -0.000269       -0.000245       -0.000004       -0.067442
        0.065000        0.181405       -0.000759       -0.057495       -0.013119        0.000053       -0.031568       -0.008759       -0.000269       -0.000313       -0.000004       -0.067420
        0.070000        0.168815       -0.000759       -0.062451       -0.020364        0.000058       -0.036479       -0.009613       -0.000269       -0.000392       -0.000004       -0.067395
        0.075000        0.155719       -0.000759       -0.067525       -0.027898        0.000062       -0.041718       -0.010505       -0.000269       -0.000483       -0.000004       -0.067368
        0.080000        0.142195       -0.000758       -0.072725       -0.035676        0.000066       -0.047276       -0.011440       -0.000269       -0.000589       -0.000004       -0.067338
        0.085000        0.128324       -0.000758       -0.078057       -0.043650        0.000070       -0.053144       -0.012419       -0.000269       -0.000709       -0.000004       -0.067304
        0.090000        0.114189       -0.000758       -0.083529       -0.051773        0.000074       -0.059315       -0.013445       -0.000268       -0.000845       -0.000004       -0.067267
        0.095000        0.099871       -0.000758       -0.089150       -0.059997        0.000078       -0.065777       -0.014520       -0.000268       -0.000998       -0.000004       -0.067226
        0.100000        0.085453       -0.000758       -0.094927       -0.068275        0.000082       -0.072521       -0.015648       -0.000268       -0.001170       -0.000004       -0.067181
        0.105000        0.071017       -0.000758       -0.100866       -0.076558        0.000087       -0.079535       -0.016830       -0.000268       -0.001361       -0.000004       -0.067132
        0.110000        0.056644       -0.000758       -0.106976       -0.084799        0.000091       -0.086808       -0.018068       -0.000268       -0.001572       -0.000004       -0.067078
        0.115000        0.042415       -0.000757       -0.113263       -0.092952        0.000095       -0.094329       -0.019366       -0.000268       -0.001806       -0.000004       -0.067019
        0.120000        0.028407       -0.000757       -0.119734       -0.100970        0.000099       -0.102084       -0.020724       -0.000268       -0.002063       -0.000004       -0.066954
        0.125000        0.014697       -0.000757       -0.126395       -0.108810        0.000103       -0.110060       -0.022146       -0.000268       -0.002345       -0.000004       -0.066884
        0.130000        0.001358       -0.000757       -0.133254       -0.116429        0.000107       -0.118243       -0.023633       -0.000268       -0.002653       -0.000005       -0.066808
        0.135000       -0.011539       -0.000757       -0.140317       -0.123784        0.000112       -0.126618       -0.025188       -0.000268       -0.002989       -0.000005       -0.066725
        0.140000       -0.023925       -0.000757       -0.147590       -0.130837        0.000116       -0.135171       -0.026812       -0.000268       -0.003354       -0.000005       -0.066635
        0.145000       -0.035735       -0.000756       -0.155079       -0.137548        0.000120       -0.143885       -0.028508       -0.000268       -0.003750       -0.000005       -0.066538
        0.150000       -0.046909       -0.000756       -0.162790       -0.143883        0.000124       -0.152745       -0.030276       -0.000268       -0.004180       -0.000005       -0.066432
        0.155000       -0.057390       -0.000756       -0.170728       -0.149808        0.000128       -0.161732       -0.032119       -0.000268       -0.004643       -0.000005       -0.066319
        0.160000       -0.067122       -0.000756       -0.178899       -0.155290        0.000133       -0.170830       -0.034039       -0.000268       -0.005143       -0.000005       -0.066197
        0.165000       -0.076056       -0.000755       -0.187308       -0.160300        0.000137       -0.180021       -0.036036       -0.000267       -0.005682       -0.000005       -0.066065
        0.170000       -0.084148       -0.000755       -0.195961       -0.164812        0.000141       -0.189285       -0.038112       -0.000267       -0.006261       -0.000005       -0.065923
        0.175000       -0.091355       -0.000755       -0.204861       -0.168800        0.000145       -0.198603       -0.040270       -0.000267       -0.006882       -0.000005       -0.065770
        0.180000       -0.097639       -0.000755       -0.214013       -0.172243        0.000150       -0.207954       -0.042509       -0.000267       -0.007548       -0.000005       -0.065607
        0.185000       -0.102969       -0.000754       -0.223422       -0.175120        0.000154       -0.217319       -0.044831       -0.000267       -0.008261       -0.000005       -0.065431
        0.190000       -0.107316       -0.000754       -0.233091       -0.177415        0.000158       -0.226676       -0.047237       -0.000267       -0.009023       -0.000006       -0.065243
        0.195000       -0.110656       -0.000754       -0.243024       -0.179112        0.000163       -0.236003       -0.049727       -0.000267       -0.009837       -0.000006       -0.065042
        0.200000       -0.112969       -0.000753       -0.253224       -0.180200        0.000167       -0.245278       -0.052304       -0.000267       -0.010706       -0.000006       -0.064827
        0.205000       -0.114240       -0.000753       -0.263694       -0.180669        0.000171       -0.254478       -0.054966       -0.000267       -0.011631       -0.000006       -0.064597
        0.210000       -0.114457       -0.000753       -0.274437       -0.180511        0.000175       -0.263578       -0.057716       -0.000267       -0.012617       -0.000006       -0.064351
        0.215000       -0.113616       -0.000752       -0.285455       -0.179721        0.000180       -0.272556       -0.060552       -0.000266       -0.013665       -0.000006       -0.064089
        0.220000       -0.111714       -0.000752       -0.296749       -0.178299        0.000184       -0.281386       -0.063475       -0.000266       -0.014779       -0.000006       -0.063810
        0.225000       -0.108752       -0.000752       -0.308322       -0.176242        0.000188       -0.290042       -0.066486       -0.000266       -0.015963       -0.000006       -0.063513
        0.230000       -0.104738       -0.000751       -0.320175       -0.173556        0.000193       -0.298500       -0.069584       -0.000266       -0.017219       -0.000006       -0.063196
        0.235000       -0.099683       -0.000751       -0.332307       -0.170243        0.000197       -0.306733       -0.072768       -0.000266       -0.018551       -0.000007       -0.062860
        0.240000       -0.093601       -0.000751       -0.344720       -0.166313        0.000202       -0.314714       -0.076039       -0.000266       -0.019962       -0.000007       -0.062502
        0.245000       -0.086513       -0.000750       -0.357413       -0.161774        0.000206       -0.322415       -0.079395       -0.000266       -0.021457       -0.000007       -0.062122
        0.250000       -0.078440       -0.000750       -0.370384       -0.156639        0.000210       -0.329809       -0.082836       -0.000265       -0.023039       -0.000007       -0.061718
        0.255000       -0.069411       -0.000749       -0.383634       -0.150921        0.000215       -0.336868       -0.086360       -0.000265       -0.024713       -0.000007       -0.061290
        0.260000       -0.059457       -0.000749       -0.397159       -0.144638        0.000219       -0.343562       -0.089967       -0.000265       -0.026483       -0.000007       -0.060836
        0.265000       -0.048613       -0.000748       -0.410958       -0.137809        0.000224       -0.349862       -0.093654       -0.000265       -0.028353       -0.000007       -0.060355
        0.270000       -0.036919       -0.000748       -0.425028       -0.130453        0.000228       -0.355740       -0.097420       -0.000265       -0.030328       -0.000008       -0.059845
        0.275000       -0.024416       -0.000747       -0.439364       -0.122595        0.000233       -0.361164       -0.101262       -0.000265       -0.032413       -0.000008       -0.059305
        0.280000       -0.011152       -0.000747       -0.453962       -0.114258        0.000237       -0.366104       -0.105179       -0.000264       -0.034613       -0.000008       -0.058733
        0.285000        0.002823       -0.000746       -0.468818       -0.105471        0.000242       -0.370529       -0.109168       -0.000264       -0.036934       -0.000008       -0.058129
        0.290000        0.017456       -0.000746       -0.483926       -0.096262        0.000246       -0.374409       -0.113225       -0.000264       -0.039381       -0.000008       -0.057490
        0.295000        0.032689       -0.000745       -0.499279       -0.086663        0.000251       -0.377711       -0.117348       -0.000264       -0.041959       -0.000008       -0.056814
        0.300000        0.048460       -0.000745       -0.514869       -0.076705        0.000255       -0.380403       -0.121533       -0.000264       -0.044676       -0.000009       -0.056100
        0.305000        0.064708       -0.000744       -0.530689       -0.066425        0.000260       -0.382454       -0.125776       -0.000264       -0.047537       -0.000009       -0.055347
        0.310000        0.081362       -0.000744       -0.546730       -0.055858        0.000264       -0.383831       -0.130073       -0.000263       -0.050550       -0.000009       -0.054551
        0.315000        0.098354       -0.000743       -0.562981       -0.045042        0.000269       -0.384501       -0.134419       -0.000263       -0.053720       -0.000009       -0.053711
        0.320000        0.115609       -0.000743       -0.579432       -0.034019        0.000273       -0.384432       -0.138810       -0.000263       -0.057056       -0.000009       -0.052824
        0.325000        0.133050       -0.000742       -0.596071       -0.022829        0.000278       -0.383590       -0.143239       -0.000263       -0.060564       -0.000009       -0.051890
        0.330000        0.150597       -0.000742       -0.612884       -0.011515        0.000283       -0.381943       -0.147701       -0.000263       -0.064254       -0.000010       -0.050904
        0.335000        0.168168       -0.000741       -0.629858       -0.000124        0.000287       -0.379456       -0.152190       -0.000262       -0.068133       -0.000010       -0.049865
        0.340000        0.185675       -0.000740       -0.646977        0.011299        0.000292       -0.376097       -0.156698       -0.000262       -0.072209       -0.000010       -0.048771
        0.345000        0.203031       -0.000740       -0.664224        0.022707        0.000297       -0.371832       -0.161219       -0.000262       -0.076493       -0.000010       -0.047617
        0.350000        0.220144       -0.000739       -0.681582        0.034048        0.000301       -0.366628       -0.165745       -0.000262       -0.080992       -0.000010       -0.046403
        0.355000        0.236919       -0.000738       -0.699032        0.045273        0.000306       -0.360452       -0.170267       -0.000261       -0.085718       -0.000011       -0.045124
        0.360000        0.253260       -0.000738       -0.716553        0.056330        0.000311       -0.353270       -0.174776       -0.000261       -0.090680       -0.000011       -0.043778
        0.365000        0.269067       -0.000737       -0.734122        0.067164        0.000315       -0.345049       -0.179264       -0.000261       -0.095890       -0.000011       -0.042362
        0.370000        0.284238       -0.000736       -0.751717        0.077722        0.000320       -0.335756       -0.183718       -0.000261       -0.101358       -0.000011       -0.040871
        0.375000        0.298670       -0.000736       -0.769311        0.087946        0.000325       -0.325359       -0.188130       -0.000260       -0.107097       -0.000011       -0.039303
        0.380000        0.312254       -0.000735       -0.786879        0.097781        0.000330       -0.313826       -0.192486       -0.000260       -0.113118       -0.000012       -0.037654
        0.385000        0.324882       -0.000734       -0.804390        0.107167        0.000334       -0.301124       -0.196776       -0.000260       -0.119435       -0.000012       -0.035920
        0.390000        0.336444       -0.000733       -0.821814        0.116046        0.000339       -0.287222       -0.200986       -0.000260       -0.126060       -0.000012       -0.034097
        0.395000        0.346824       -0.000733       -0.839119        0.124357        0.000344       -0.272090       -0.205101       -0.000259       -0.133009       -0.000012       -0.032181
        0.400000        0.355909       -0.000732       -0.856269        0.132039        0.000349       -0.255696       -0.209108       -0.000259       -0.140295       -0.000013       -0.030167
        0.405000        0.363580       -0.000731       -0.873229        0.139030        0.000354       -0.238011       -0.212990       -0.000259       -0.147935       -0.000013       -0.028051
        0.410000        0.369719       -0.000730       -0.889957        0.145267        0.000359       -0.219005       -0.216732       -0.000259       -0.155943       -0.000013       -0.025827
        0.415000        0.374204       -0.000729       -0.906413        0.150687        0.000364       -0.198652       -0.220315       -0.000258       -0.164338       -0.000013       -0.023492
        0.420000        0.376914       -0.000729       -0.922553        0.155224        0.000368       -0.176922       -0.223721       -0.000258       -0.173136       -0.000014       -0.021038
        0.425000        0.377722       -0.000728       -0.938329        0.158814        0.000373       -0.153791       -0.226930       -0.000258       -0.182357       -0.000014       -0.018462
        0.430000        0.376505       -0.000727       -0.953692        0.161392        0.000378       -0.129233       -0.229922       -0.000257       -0.192018       -0.000014       -0.015756
        0.435000        0.373133       -0.000726       -0.968589        0.162891        0.000383       -0.103224       -0.232675       -0.000257       -0.202141       -0.000014       -0.012915
        0.440000        0.367480       -0.000725       -0.982965        0.163246        0.000388       -0.075741       -0.235165       -0.000257       -0.212747       -0.000015       -0.009933
        0.445000        0.359416       -0.000724       -0.996760        0.162390        0.000393       -0.046762       -0.237368       -0.000256       -0.223857       -0.000015       -0.006802
        0.450000        0.348809       -0.000723       -1.009912        0.160255        0.000398       -0.016270       -0.239257       -0.000256       -0.235495       -0.000015       -0.003515
        0.455000        0.335529       -0.000722       -1.022356        0.156775        0.000403        0.015755       -0.240806       -0.000256       -0.247685       -0.000015       -0.000065
        0.460000        0.319443       -0.000722       -1.034021        0.151884        0.000408        0.049329       -0.241984       -0.000255       -0.260452       -0.000016        0.003555
        0.465000        0.300419       -0.000721       -1.044835        0.145514        0.000413        0.084466       -0.242763       -0.000255       -0.273823       -0.000016        0.007354
        0.470000        0.278322       -0.000720       -1.054718        0.137598        0.000419        0.121178       -0.243109       -0.000255       -0.287826       -0.000016        0.011341
        0.475000        0.253019       -0.000719       -1.063590        0.128071        0.000424        0.159474       -0.242988       -0.000254       -0.302489       -0.000016        0.015525
        0.480000        0.224377       -0.000718       -1.071363        0.116867        0.000429        0.199361       -0.242364       -0.000254       -0.317844       -0.000017        0.019915
        0.485000        0.192261       -0.000717       -1.077946        0.103920        0.000434        0.240845       -0.241199       -0.000254       -0.333922       -0.000017        0.024521
        0.490000        0.156537       -0.000716       -1.083242        0.089166        0.000439        0.283926       -0.239453       -0.000253       -0.350758       -0.000017        0.029354
        0.495000        0.117074       -0.000715       -1.087150        0.072542        0.000444        0.328603       -0.237084       -0.000253       -0.368385       -0.000018        0.034424
        0.500000        0.073738       -0.000714       -1.089561        0.053984        0.000449        0.374872       -0.234046       -0.000253       -0.386842       -0.000018        0.039744
